00072182000106
00075298000107
00175233000125
00284181000125
00291784000154
00291784000235
00291784000316
00291784000588
00291784000740
00350160000160
00924432000199
01215670000198
01319925000162
04568719000184
05842261000172
06075540000110
08790499000190
10467412000190
14232563000110
19624745000150
00072182000106
00075298000107
00175233000125
00284181000125
00291784000154
00291784000235
00291784000316
00291784000588
00291784000740
00350160000160
00372383000129
00413891000108
00545222000190
00657630000133
00719780000124
00132229000341
00331801001454
00955107000193
01178931000147
01587609000171
01775217000136
02109397000180
02322043000542
02745280000192
02862447000286
03207963000159
03315918000541
03590364000167
03757610000122
03775069002129
